Confusion Matrix
[[137  43]
 [ 59 121]]

UAR: 0.716666666667 (0.0166666666667). acc_list [0.7222222222222222, 0.7222222222222222, 0.75, 0.6944444444444444, 0.7222222222222222, 0.6944444444444444, 0.7222222222222222, 0.7222222222222222, 0.7222222222222222, 0.6944444444444444]

Feature Importance
F0_sma_linregc1 = 0.168010149719
F0_sma_duration = 0.166887807107
F0_sma_stddev = 0.15275282864
F0_sma_linregerrA = 0.151062689518
F0_sma_nnz = 0.145118003843
pcm_intensity_sma_stddev = 0.122278613239
pcm_intensity_sma_linregerrA = 0.0938899079335
pcm_intensity_sma_linregc1 = 0.0
