Confusion Matrix
[[144  36]
 [ 55 125]]

UAR: 0.747222222222 (0.0230739551748). acc_list [0.75, 0.7222222222222222, 0.7777777777777778, 0.75, 0.7222222222222222, 0.7222222222222222, 0.7222222222222222, 0.75, 0.7777777777777778, 0.7777777777777778]
Misclassified56896: 1095465: 561496: 1076373: 145758: 1047939: 138717: 900359: 718261: 805068: 1033752: 1050377: 10
Feature Importance
F0_sma_duration = 0.170979044291
F0_sma_linregc1 = 0.164397589826
F0_sma_stddev = 0.153051587367
F0_sma_linregerrA = 0.150521598592
F0_sma_nnz = 0.145703739969
pcm_intensity_sma_stddev = 0.123496052343
pcm_intensity_sma_linregerrA = 0.0918503876123
pcm_intensity_sma_linregc1 = 0.0
