Confusion Matrix
[[128  22]
 [ 18 132]]

UAR: 0.866666666667 (0.0421637021356). acc_list [0.9, 0.8666666666666667, 0.9333333333333333, 0.8666666666666667, 0.8333333333333334, 0.8, 0.8666666666666667, 0.8333333333333334, 0.8333333333333334, 0.9333333333333333]
Misclassified44574 (3): 573828 (2): 807920 (0): 145758 (0): 438717 (2): 561496 (0): 805068 (0): 9
Feature Importance
F0_sma_duration = 0.301390495893
F0_sma_linregerrQ = 0.223507922466
F0_sma_linregc1 = 0.206044388451
F0_sma_mcr = 0.171980149774
pcm_intensity_sma_mcr = 0.0970770434162
pcm_intensity_sma_linregc1 = 0.0
pcm_intensity_sma_linregerrQ = 0.0
