Confusion Matrix
[[150  30]
 [ 53 127]]

UAR: 0.769444444444 (0.025). acc_list [0.75, 0.75, 0.7777777777777778, 0.7777777777777778, 0.7777777777777778, 0.7222222222222222, 0.7777777777777778, 0.8055555555555556, 0.75, 0.8055555555555556]
Misclassified56896: 961496: 1032762: 245758: 1078597: 450377: 900359: 1018261: 905068: 1038717: 10
Feature Importance
F0_sma_duration = 0.152717106228
F0_sma_nnz = 0.126040226906
F0_sma_mcr = 0.11728441467
F0_sma_linregc1 = 0.111821322344
F0_sma_linregerrQ = 0.106628173924
F0_sma_linregerrA = 0.0937057934397
F0_sma_stddev = 0.0913420782421
pcm_intensity_sma_stddev = 0.0812223398227
pcm_intensity_sma_linregerrA = 0.0597200550896
pcm_intensity_sma_mcr = 0.0595184893333
pcm_intensity_sma_linregc1 = 0.0
pcm_intensity_sma_linregerrQ = 0.0
