Confusion Matrix
[[138  42]
 [ 58 122]]

UAR: 0.722222222222 (0.0328671099061). acc_list [0.6944444444444444, 0.7222222222222222, 0.75, 0.7222222222222222, 0.75, 0.75, 0.6388888888888888, 0.7222222222222222, 0.7222222222222222, 0.75]

Feature Importance
F0_sma_duration = 0.166550054938
F0_sma_linregc1 = 0.161154755452
F0_sma_linregerrA = 0.156846267944
F0_sma_stddev = 0.153976523075
F0_sma_nnz = 0.145802517987
pcm_intensity_sma_stddev = 0.122779178624
pcm_intensity_sma_linregerrA = 0.0928907019805
pcm_intensity_sma_linregc1 = 0.0
