Confusion Matrix
[[142  38]
 [ 55 125]]

UAR: 0.741666666667 (0.0393817968854). acc_list [0.7777777777777778, 0.6944444444444444, 0.7777777777777778, 0.7777777777777778, 0.7777777777777778, 0.75, 0.75, 0.75, 0.6666666666666666, 0.6944444444444444]

Feature Importance
F0_sma_linregerrA = 0.248600811207
F0_sma_stddev = 0.191003961457
F0_sma_duration = 0.156718665257
pcm_intensity_sma_stddev = 0.114428678703
F0_sma_linregc1 = 0.104128880482
F0_sma_nnz = 0.0988097687906
pcm_intensity_sma_linregerrA = 0.0863092341026
pcm_intensity_sma_linregc1 = 0.0
