Confusion Matrix
[[125  55]
 [ 75 105]]

Acc: 0.638888888889 (0.0555555555556). acc_list [0.6666666666666666, 0.6388888888888888, 0.5555555555555556, 0.6111111111111112, 0.6388888888888888, 0.6666666666666666, 0.6111111111111112, 0.6111111111111112, 0.7777777777777778, 0.6111111111111112]

Feature Importance
F0_sma_duration = 0.316484221114
F0_sma_linregc1 = 0.210220360581
F0_sma_linregerrA = 0.141859060976
pcm_intensity_sma_stddev = 0.120813577448
F0_sma_nnz = 0.0936632857371
pcm_intensity_sma_linregerrA = 0.0599923913845
F0_sma_stddev = 0.0569671027594
pcm_intensity_sma_linregc1 = 0.0
