Confusion Matrix
[[141  39]
 [ 59 121]]

Acc: 0.727777777778 (0.0299175822619). acc_list [0.7777777777777778, 0.7222222222222222, 0.75, 0.7222222222222222, 0.6944444444444444, 0.7222222222222222, 0.6944444444444444, 0.7777777777777778, 0.6944444444444444, 0.7222222222222222]

Feature Importance
F0_sma_duration = 0.170943040193
F0_sma_linregc1 = 0.168333456863
F0_sma_nnz = 0.151025965379
F0_sma_stddev = 0.149424737547
F0_sma_linregerrA = 0.145847248233
pcm_intensity_sma_stddev = 0.122253645125
pcm_intensity_sma_linregerrA = 0.0921719066611
pcm_intensity_sma_linregc1 = 0.0
